1 2 -1
1 3 1
1 18 1
1 20 1
1 62 1
2 3 1
2 232 1
3 4 1
4 5 1
4 6 -1
4 7 1
4 10 -1
4 18 1
4 20 1
5 6 1
5 8 -1
5 9 1
5 11 -1
5 14 -1
5 15 1
5 17 -1
5 19 -1
5 21 -1
5 23 1
5 24 -1
5 25 -1
5 26 1
5 32 -1
5 33 1
5 40 1
5 48 -1
5 59 1
5 245 1
5 260 1
5 261 1
5 262 -1
5 266 1
5 294 -1
5 295 -1
5 296 -1
5 300 1
5 301 1
6 7 1
6 10 -1
6 160 -1
6 162 1
6 177 1
6 181 -1
6 183 -1
7 10 1
8 9 1
8 10 -1
9 10 1
9 14 -1
9 31 1
9 38 -1
9 294 1
10 40 1
10 295 -1
10 300 1
11 12 1
11 13 -1
11 14 1
11 60 -1
11 64 1
12 20 1
12 25 -1
12 26 1
12 34 -1
12 36 1
12 41 -1
12 42 1
13 14 1
13 16 -1
13 21 -1
13 22 1
13 144 -1
14 15 1
14 31 1
14 60 -1
14 63 1
15 43 1
15 44 1
15 45 -1
15 46 -1
15 108 1
15 314 -1
15 324 -1
16 21 -1
16 22 1
16 144 -1
17 18 1
18 62 -1
19 20 1
19 299 1
19 303 -1
20 25 1
20 26 -1
20 62 -1
20 266 -1
21 22 1
21 23 1
21 144 -1
22 43 1
22 45 -1
22 54 1
22 55 -1
22 144 1
23 52 -1
23 53 1
24 260 1
25 26 1
25 266 1
26 29 -1
26 30 1
27 28 -1
27 29 1
28 29 1
29 30 1
29 44 -1
29 144 1
29 266 -1
30 141 1
30 142 -1
30 266 1
31 43 1
31 44 1
31 45 -1
31 46 -1
31 109 1
31 314 -1
31 324 -1
32 33 1
33 142 -1
33 148 1
33 149 1
34 36 1
34 37 1
34 156 -1
35 36 1
35 38 -1
35 39 1
37 38 -1
37 39 1
37 156 1
37 228 1
38 39 1
38 228 1
38 294 1
39 295 -1
39 296 -1
39 300 1
39 301 1
40 243 1
40 244 1
40 245 -1
40 294 1
40 295 -1
40 300 1
41 42 1
42 54 -1
42 77 1
43 45 1
43 46 1
43 49 1
43 51 1
43 55 1
43 63 1
43 173 1
43 175 1
43 196 1
43 197 1
43 199 1
43 202 1
43 205 1
43 210 1
43 221 1
43 222 1
43 226 1
43 227 1
43 261 1
44 45 1
44 46 1
44 47 1
44 50 -1
44 51 1
44 63 1
44 144 1
44 260 -1
44 307 1
44 308 -1
45 46 -1
45 48 1
45 49 -1
45 51 -1
45 54 1
45 55 -1
45 63 -1
45 172 1
45 173 -1
45 175 -1
45 196 -1
45 197 -1
45 198 1
45 199 -1
45 201 1
45 202 -1
45 203 1
45 205 -1
45 207 1
45 208 1
45 210 -1
45 221 -1
45 222 -1
45 226 -1
45 227 -1
45 261 -1
46 63 -1
46 260 1
47 48 1
47 53 1
47 54 1
47 172 1
47 201 1
47 203 1
47 207 1
47 208 1
47 212 1
47 215 1
47 260 1
47 327 1
48 49 1
48 51 1
48 53 -1
48 59 1
49 51 -1
49 53 1
50 51 1
52 53 1
54 55 1
54 77 1
54 83 -1
54 84 -1
54 85 1
54 86 1
54 89 -1
54 90 1
54 261 1
54 327 -1
55 261 -1
55 327 1
56 57 1
56 59 1
58 60 -1
58 61 1
58 147 1
58 148 1
58 169 -1
58 170 1
58 322 1
59 60 1
60 61 1
60 63 1
60 65 1
60 66 -1
60 67 -1
60 70 -1
60 71 1
60 74 -1
60 75 1
61 62 1
63 107 1
63 314 -1
63 324 -1
64 65 1
64 66 -1
65 66 1
65 67 1
65 68 -1
66 75 -1
66 76 1
67 71 1
67 216 1
68 216 1
68 307 -1
68 310 1
69 216 1
70 71 1
71 72 1
72 73 1
74 75 1
75 76 1
77 78 1
78 80 -1
78 81 1
78 280 -1
78 289 1
78 307 -1
78 310 1
79 156 1
79 289 1
80 81 1
80 292 -1
81 82 1
81 292 1
82 265 1
83 85 1
84 86 1
85 91 -1
85 92 1
85 93 -1
85 94 1
85 97 -1
85 98 1
86 87 1
86 97 -1
86 98 1
86 99 -1
86 100 1
86 104 -1
86 105 1
86 106 1
86 259 -1
87 88 1
89 90 1
90 97 -1
90 98 1
91 92 1
92 95 -1
92 96 1
93 94 1
94 95 -1
94 96 1
95 96 1
95 98 -1
96 98 1
96 264 -1
96 265 1
97 98 1
98 101 -1
98 102 1
99 100 1
100 102 -1
100 103 1
101 102 1
102 103 1
103 114 -1
103 115 1
103 125 -1
103 128 1
104 106 1
104 309 -1
105 259 1
105 309 1
105 313 -1
105 314 1
106 309 1
106 313 -1
106 314 1
107 314 1
107 324 1
108 314 1
108 324 1
109 314 1
109 324 1
110 111 1
110 325 -1
111 112 -1
111 113 1
111 123 -1
111 124 1
111 246 -1
111 248 1
111 325 1
112 113 1
112 117 -1
112 131 -1
113 114 1
113 117 1
113 131 1
114 115 1
114 126 1
115 116 1
116 117 1
116 130 -1
116 131 1
117 118 -1
117 119 1
117 246 -1
117 248 1
118 119 1
119 264 1
120 121 1
120 122 1
120 316 -1
121 122 -1
121 123 -1
121 124 1
121 316 1
122 125 1
122 128 -1
123 124 1
123 131 -1
124 125 1
124 131 1
125 127 1
125 128 1
125 129 1
125 314 -1
128 129 -1
128 130 1
128 314 1
129 287 -1
129 288 1
129 290 1
129 292 -1
130 131 1
132 302 1
132 303 1
133 316 -1
133 317 1
134 135 1
134 316 -1
135 136 -1
135 137 -1
135 138 1
135 139 1
135 316 1
136 139 1
136 265 -1
136 302 -1
137 138 1
138 217 1
139 265 1
139 275 1
139 302 1
140 141 1
140 263 1
141 142 1
141 144 1
141 145 -1
141 263 -1
141 290 1
141 293 -1
141 322 1
141 323 -1
142 143 1
142 144 -1
142 145 1
142 148 1
142 149 1
142 151 1
142 185 -1
142 187 -1
143 151 -1
144 261 1
144 262 -1
146 290 -1
146 291 1
147 148 -1
147 322 -1
148 185 1
148 187 1
148 326 -1
148 327 1
149 152 -1
149 153 1
149 185 1
149 187 1
150 151 1
150 268 -1
151 268 1
152 153 1
152 154 -1
152 155 1
152 258 1
153 154 1
153 155 -1
153 156 1
153 157 -1
153 258 -1
154 160 -1
154 161 1
154 170 -1
154 171 1
154 172 -1
154 176 1
154 177 1
154 179 1
154 185 -1
154 187 -1
154 191 1
154 192 1
154 269 1
154 270 -1
156 157 1
156 159 -1
156 165 -1
156 166 1
156 189 -1
156 190 1
156 269 1
157 159 1
157 269 -1
158 159 1
158 287 -1
159 287 1
160 161 1
160 162 1
160 163 1
160 269 1
160 270 -1
160 287 -1
161 270 1
161 287 1
162 164 1
163 164 -1
165 166 1
166 214 -1
166 215 1
166 286 -1
166 288 1
167 168 1
167 170 -1
167 268 1
168 170 1
169 170 1
169 172 -1
170 171 1
170 172 1
170 268 1
172 173 1
172 175 1
172 176 1
173 175 -1
174 175 1
174 203 -1
174 208 -1
175 203 1
175 208 1
177 178 1
177 179 -1
177 181 1
177 183 1
178 179 1
180 181 1
180 201 -1
180 207 -1
181 201 1
181 207 1
182 183 1
182 198 -1
183 198 1
184 185 1
184 186 1
184 188 1
184 190 -1
184 198 -1
184 203 -1
185 191 1
185 203 1
186 187 1
186 190 1
186 198 -1
186 203 -1
187 192 1
187 203 1
188 190 1
188 230 1
188 231 1
189 190 1
191 198 1
192 198 1
193 194 -1
193 195 -1
193 196 1
193 197 1
194 196 1
195 197 1
196 198 1
196 199 -1
196 201 1
196 208 1
196 210 -1
197 198 1
197 202 -1
197 203 1
197 205 -1
197 207 1
198 199 1
198 200 -1
198 202 1
198 204 -1
198 205 1
198 206 -1
198 209 -1
198 210 1
198 221 1
198 222 1
198 226 1
198 227 1
199 200 1
199 201 1
199 221 -1
199 226 -1
199 227 -1
200 201 1
200 212 1
200 215 1
201 212 -1
201 215 -1
201 221 1
201 226 1
201 227 1
202 203 1
202 204 1
202 227 -1
203 204 1
203 212 -1
203 215 -1
203 227 1
204 212 1
204 215 1
205 206 1
205 207 1
205 222 -1
206 207 1
207 222 1
208 209 1
208 210 1
208 227 1
209 210 1
210 227 -1
211 212 -1
211 213 1
212 213 1
214 215 1
217 250 -1
217 276 -1
217 277 1
218 220 -1
218 221 1
219 220 -1
219 222 1
220 221 1
220 222 1
223 225 -1
223 226 1
224 225 -1
224 227 1
225 226 1
225 227 1
228 229 -1
228 230 1
229 230 1
230 231 -1
230 232 1
231 232 1
233 234 -1
233 235 1
233 236 1
233 255 -1
233 256 -1
233 267 1
234 235 1
236 255 1
237 257 1
237 328 1
238 239 1
238 328 -1
239 328 1
240 256 1
240 328 1
241 257 1
241 329 1
242 256 1
242 329 1
246 248 1
246 253 -1
246 302 -1
247 249 1
247 253 -1
248 250 1
248 253 1
248 302 1
249 253 1
249 282 1
250 276 -1
250 277 1
251 264 1
251 306 1
252 277 -1
252 278 1
252 305 -1
252 306 1
253 273 1
253 278 1
253 306 1
254 281 1
254 283 1
256 267 1
256 328 -1
256 329 -1
257 328 -1
257 329 -1
259 309 -1
261 262 1
264 265 1
268 326 -1
268 327 1
269 270 1
269 287 1
270 287 -1
271 287 -1
271 288 1
272 273 1
272 278 1
272 306 1
273 278 -1
273 306 -1
274 285 1
275 277 -1
275 279 1
276 277 1
277 278 1
277 279 1
280 289 1
281 283 -1
282 304 -1
282 305 1
283 306 1
284 285 1
284 305 -1
285 306 1
286 288 1
287 288 1
290 291 1
290 293 1
291 292 1
291 322 -1
292 309 -1
292 311 1
292 322 1
295 300 1
296 301 1
297 301 1
297 303 1
298 300 1
298 302 1
299 303 1
304 305 1
304 306 1
305 306 1
307 308 1
307 310 1
309 310 1
309 311 1
309 312 1
310 312 -1
313 314 1
314 315 1
314 318 -1
314 319 1
314 321 -1
314 324 1
315 316 1
316 317 1
318 319 1
318 321 1
318 322 -1
319 320 1
320 322 -1
320 324 1
321 322 1
321 324 1
322 323 1
322 324 1
324 325 1
326 327 1