1 11 1
1 585 -1
1 607 -1
1 608 1
2 11 1
2 587 1
3 548 -1
3 594 1
3 595 1
4 9 1
4 10 -1
4 584 1
4 613 1
4 614 1
4 615 1
5 6 1
5 7 1
5 46 1
5 47 1
5 339 1
5 574 -1
5 580 -1
5 600 -1
5 610 1
5 627 -1
6 580 1
6 600 1
6 627 1
7 337 -1
7 338 1
7 580 1
7 600 1
7 627 1
8 602 -1
8 617 1
9 10 1
10 584 1
11 403 1
11 548 -1
11 585 1
11 587 -1
12 13 1
12 314 -1
12 584 -1
12 601 -1
13 246 -1
13 314 1
13 584 1
13 601 1
13 612 1
14 15 1
14 22 -1
15 22 1
15 326 1
15 612 -1
16 20 1
16 22 1
16 24 1
16 326 1
16 612 -1
17 607 1
17 612 -1
18 19 1
18 251 -1
19 20 1
19 615 1
20 22 -1
20 24 -1
20 25 1
20 251 1
20 615 -1
21 23 1
21 607 -1
22 23 1
22 24 -1
22 25 1
23 607 1
24 25 1
26 452 -1
26 559 1
27 28 1
27 557 1
27 559 -1
27 560 -1
27 561 1
28 557 -1
28 559 1
28 560 1
28 582 1
29 30 1
29 473 -1
30 447 -1
30 473 1
30 562 1
31 32 1
31 562 -1
32 33 -1
32 34 1
32 562 1
32 563 1
33 34 1
33 563 1
34 564 1
35 36 1
35 379 -1
36 379 1
36 438 1
36 536 -1
37 377 -1
37 378 1
38 40 1
38 365 1
38 533 -1
39 41 1
39 42 -1
40 41 -1
40 43 1
40 304 -1
40 533 1
41 42 1
41 43 1
41 304 -1
43 44 1
43 304 1
43 374 1
43 535 1
43 537 1
44 373 1
44 374 -1
44 441 -1
44 535 -1
44 537 -1
44 543 -1
44 567 -1
44 568 1
44 569 1
45 441 1
45 655 1
46 47 -1
46 48 1
46 436 1
46 437 -1
46 574 1
47 48 1
49 573 1
49 575 1
49 618 -1
50 51 -1
50 351 1
51 351 1
52 534 1
52 655 1
52 657 1
53 54 -1
53 55 1
54 55 1
55 56 1
55 57 1
55 533 -1
55 540 -1
56 57 -1
56 58 1
56 300 -1
56 533 1
57 58 1
57 300 -1
57 540 1
58 59 1
58 300 1
59 538 -1
59 539 1
59 551 -1
59 552 1
59 565 -1
59 566 1
60 62 -1
60 65 1
61 65 -1
61 344 -1
61 345 1
61 507 1
61 545 -1
62 65 1
63 264 -1
63 265 1
64 263 -1
64 267 1
64 346 -1
64 347 -1
64 477 -1
64 544 -1
65 344 -1
65 345 1
65 507 1
65 545 -1
66 544 -1
66 555 1
67 268 -1
67 269 1
68 445 1
68 626 1
68 662 1
68 665 1
68 666 1
69 75 -1
69 476 1
69 546 1
69 622 1
70 290 -1
70 313 1
71 79 1
71 476 -1
72 76 -1
72 312 1
72 313 -1
72 476 -1
73 74 1
73 620 -1
73 621 -1
74 620 1
74 621 1
75 476 1
75 546 1
75 547 1
76 77 -1
76 78 1
76 312 1
76 313 -1
76 476 -1
77 78 1
77 476 -1
78 476 1
79 476 1
80 86 1
80 494 -1
80 495 1
80 584 -1
81 82 1
81 497 1
83 624 1
83 666 1
84 445 1
84 625 1
84 666 1
85 445 1
85 623 1
85 666 1
86 666 1
87 445 1
87 622 1
87 666 1
88 448 -1
88 658 1
89 90 -1
89 91 1
90 91 1
91 92 1
91 93 1
91 533 -1
91 571 -1
92 93 -1
92 94 1
92 95 -1
92 533 1
93 94 1
93 95 -1
93 571 1
94 95 1
94 96 1
95 654 1
96 97 1
96 534 -1
96 536 -1
96 537 1
96 538 -1
96 539 1
96 551 -1
96 552 1
96 565 -1
96 566 1
97 534 1
98 107 -1
98 108 1
99 108 -1
99 114 1
99 367 1
99 566 -1
100 103 -1
100 104 -1
100 106 1
100 630 1
101 103 -1
101 104 -1
101 106 1
101 626 1
102 103 1
102 533 -1
103 104 -1
103 106 1
103 533 1
104 105 1
104 106 1
104 540 1
105 540 -1
106 107 1
107 108 1
107 565 -1
107 566 1
107 567 -1
107 568 1
108 367 1
108 566 -1
109 261 1
109 656 1
110 262 1
110 656 1
111 630 1
111 662 1
111 665 1
112 227 1
112 660 1
112 661 1
113 285 1
113 661 1
113 667 1
114 656 1
115 116 1
115 126 1
115 127 -1
115 631 1
116 117 1
116 127 1
116 128 -1
117 118 1
117 119 1
117 128 1
117 129 -1
118 119 1
118 120 1
118 129 1
118 130 -1
118 131 -1
119 129 1
119 130 1
119 161 1
120 121 1
120 131 1
120 132 -1
121 122 1
121 132 1
121 133 -1
122 123 1
122 133 1
122 134 -1
123 134 1
123 135 -1
123 254 1
124 125 -1
124 631 1
125 631 1
126 631 -1
135 254 1
136 137 1
136 142 1
136 143 -1
136 511 1
136 515 -1
136 516 1
137 138 1
137 143 1
137 144 -1
137 514 -1
137 515 -1
137 516 1
138 139 1
138 144 1
138 145 -1
138 514 1
138 515 1
139 140 1
139 145 1
139 146 -1
140 146 1
140 147 -1
140 512 1
141 510 -1
141 511 1
141 513 -1
141 514 1
142 511 -1
143 515 -1
143 516 1
144 514 -1
144 515 -1
144 516 1
145 514 1
147 512 1
148 509 -1
148 513 1
149 254 -1
149 509 1
150 151 1
150 509 -1
150 510 1
150 515 -1
150 516 1
150 517 -1
151 517 1
152 157 -1
152 158 1
152 258 1
152 632 1
153 397 1
153 485 -1
153 486 1
153 633 -1
153 634 1
154 514 -1
154 518 1
154 519 1
154 520 -1
155 485 1
155 486 -1
155 519 -1
155 520 1
156 191 1
156 632 -1
156 633 1
157 190 1
157 632 1
158 189 1
158 258 -1
159 258 1
159 483 -1
159 484 1
159 634 -1
160 254 1
160 255 -1
161 256 1
161 633 -1
162 163 -1
162 164 1
162 228 -1
162 229 -1
162 635 -1
162 637 -1
162 638 1
162 642 1
163 164 1
163 229 -1
163 642 1
164 636 1
165 167 1
165 170 1
165 232 1
165 641 1
166 167 1
166 170 1
166 232 1
166 235 1
166 638 1
166 641 1
167 170 -1
167 232 -1
167 234 1
167 235 -1
167 469 1
167 635 1
167 638 -1
167 639 1
167 641 -1
168 171 1
168 637 -1
168 640 1
168 641 -1
168 642 1
169 175 1
169 231 -1
169 640 1
169 641 -1
170 232 -1
170 639 1
170 641 -1
171 642 -1
172 173 1
172 227 -1
172 643 1
173 227 1
174 305 1
174 306 1
175 231 1
175 641 1
176 177 1
176 206 -1
176 470 1
176 644 -1
177 179 1
177 412 1
178 412 1
178 531 1
179 180 1
179 181 1
179 182 1
179 183 1
179 185 1
179 389 1
179 390 1
179 392 1
179 393 1
179 394 1
179 395 1
179 398 1
180 388 1
180 412 1
181 343 1
182 183 -1
182 184 -1
182 185 -1
182 389 -1
182 390 -1
182 391 -1
182 392 -1
182 393 -1
182 394 -1
182 395 -1
182 396 -1
182 411 -1
182 412 1
183 185 -1
183 236 1
183 389 -1
183 390 -1
183 392 -1
183 393 -1
183 394 -1
183 395 -1
183 644 1
184 389 -1
184 390 -1
184 391 -1
184 392 -1
184 393 -1
184 394 -1
184 395 -1
184 396 -1
184 402 1
184 411 -1
184 412 1
184 500 1
184 671 1
184 672 -1
185 388 1
185 389 -1
185 390 -1
185 392 -1
185 393 -1
185 394 -1
185 395 -1
185 671 1
186 481 -1
186 526 1
187 257 1
187 481 1
187 644 1
188 480 1
189 673 1
190 673 1
191 412 1
192 193 1
192 222 1
192 563 1
193 194 -1
193 203 1
193 645 1
194 645 1
195 645 1
196 646 1
197 646 1
198 647 1
199 200 1
199 201 -1
199 202 -1
199 223 1
199 224 -1
199 648 1
199 649 1
199 650 1
199 651 1
200 223 -1
200 292 1
200 563 1
201 649 1
202 651 1
204 205 -1
204 411 -1
204 563 1
204 652 1
205 295 1
205 563 1
205 652 1
206 311 -1
206 470 1
207 411 1
207 531 1
207 532 -1
207 632 1
207 644 1
207 652 1
208 288 1
208 633 -1
208 644 -1
209 245 1
209 471 -1
209 531 1
210 413 -1
210 414 -1
210 415 1
211 419 -1
211 421 1
212 419 1
212 653 1
213 214 1
213 215 1
213 424 -1
214 387 1
214 424 1
214 425 1
215 387 1
215 424 1
215 425 1
216 386 -1
216 387 1
217 385 1
217 672 1
217 676 1
218 424 1
218 674 -1
218 675 -1
219 416 -1
219 417 1
220 416 1
220 418 1
220 420 1
221 413 1
221 653 1
222 563 -1
224 650 1
225 648 1
225 650 -1
226 492 -1
226 493 1
227 332 1
227 606 -1
227 643 1
228 635 -1
228 638 1
228 642 1
229 636 1
229 642 1
230 641 1
230 642 -1
231 640 1
231 641 -1
232 639 1
232 641 -1
233 639 1
233 641 -1
234 469 -1
235 635 1
235 638 -1
236 644 -1
237 288 -1
237 633 1
237 644 1
238 259 1
238 515 1
238 516 -1
238 524 -1
239 259 1
239 524 -1
240 259 1
240 524 -1
241 242 -1
241 259 -1
241 522 1
241 524 1
242 522 1
243 244 -1
243 523 1
243 524 -1
243 525 1
244 523 1
244 524 -1
244 525 1
244 637 1
245 471 1
245 532 1
246 588 -1
246 612 1
247 645 1
248 651 1
249 649 1
250 648 1
252 569 1
252 655 1
253 539 1
253 657 1
254 255 1
254 509 1
255 479 1
255 484 1
256 508 1
256 633 1
257 481 -1
257 644 -1
258 483 1
258 634 1
259 524 1
260 552 1
260 659 1
261 660 1
262 661 1
263 267 1
263 346 -1
263 347 -1
263 477 -1
263 544 -1
264 265 1
264 267 -1
264 543 -1
264 544 -1
264 548 1
264 554 -1
264 555 -1
265 266 -1
265 267 1
265 268 1
265 543 1
265 544 1
265 548 -1
265 554 1
265 555 1
266 268 1
267 346 1
267 347 1
267 477 1
267 544 1
268 269 1
269 273 -1
269 274 1
270 271 -1
270 272 -1
270 273 1
271 272 -1
271 273 1
272 273 1
273 274 1
274 275 1
275 276 1
275 278 1
276 277 1
278 489 -1
278 490 1
279 280 1
279 658 -1
279 670 1
280 281 1
280 658 1
280 670 -1
281 380 1
281 445 1
282 381 1
282 446 1
282 451 1
283 284 1
283 541 -1
283 542 -1
284 349 1
284 541 1
284 542 1
285 487 1
286 446 1
286 666 1
286 667 1
287 445 1
287 572 1
287 655 1
287 666 1
288 530 1
288 633 1
288 644 1
289 291 1
289 296 1
289 313 -1
290 313 1
291 313 1
292 293 1
292 563 -1
293 672 1
294 549 1
294 666 1
295 672 1
296 666 1
297 666 1
298 352 -1
298 353 -1
298 354 1
298 625 1
299 358 -1
299 361 -1
299 362 1
299 549 1
300 624 1
301 601 -1
301 603 1
302 564 1
303 650 1
304 572 1
305 306 -1
305 643 1
306 642 1
307 641 1
308 640 1
309 636 1
310 652 1
311 470 1
311 644 1
312 313 1
312 476 1
313 476 -1
314 315 1
314 330 1
314 560 1
314 582 1
314 585 1
314 591 1
314 608 -1
314 609 -1
315 330 1
315 586 -1
315 608 1
315 609 1
316 317 1
316 329 1
316 404 1
316 405 -1
316 560 1
316 582 1
316 585 1
316 593 1
316 596 1
316 597 1
316 608 -1
316 609 -1
317 329 1
317 586 -1
317 608 1
317 609 1
318 319 1
318 331 1
318 560 1
318 582 1
318 585 1
318 589 1
318 590 1
318 592 1
318 593 1
318 594 1
318 598 1
318 608 -1
318 609 -1
318 611 1
319 331 1
319 586 -1
319 608 1
319 609 1
320 321 1
320 328 1
320 560 1
320 582 1
320 592 1
320 593 1
321 328 1
321 586 -1
322 323 1
322 327 1
322 556 1
322 560 1
322 582 1
322 599 1
323 327 1
323 586 -1
324 570 1
324 584 1
324 586 1
324 600 1
325 326 -1
325 612 1
326 338 -1
326 612 1
327 556 -1
327 560 -1
327 561 1
327 586 1
327 599 -1
328 560 -1
328 561 1
328 586 1
328 592 -1
328 593 -1
329 560 -1
329 561 1
329 585 -1
329 586 1
329 593 -1
329 596 -1
329 597 -1
330 560 -1
330 561 1
330 585 -1
330 586 1
330 591 -1
331 560 -1
331 561 1
331 585 -1
331 586 1
331 589 -1
331 590 -1
331 592 -1
331 593 -1
331 594 -1
331 598 -1
331 611 -1
332 606 1
333 600 1
333 606 1
334 570 1
334 584 1
334 586 1
334 627 1
335 336 1
335 609 -1
336 609 1
337 338 1
337 408 1
337 409 1
337 584 -1
338 408 -1
338 409 -1
338 584 1
338 612 1
339 610 -1
340 341 1
340 342 1
340 579 -1
341 579 1
342 579 1
343 478 -1
343 481 1
344 345 1
344 545 -1
345 545 1
346 477 -1
346 544 -1
346 623 1
347 477 -1
347 544 -1
347 550 1
348 550 1
348 655 1
348 657 1
349 665 1
350 654 1
350 666 1
351 352 1
351 353 1
351 533 -1
351 540 -1
352 353 -1
352 354 1
352 533 1
353 354 1
353 540 1
354 355 1
354 535 1
355 356 1
355 534 -1
355 535 -1
355 536 -1
355 537 1
355 538 -1
355 539 1
356 534 1
357 358 1
357 533 -1
358 361 -1
358 362 1
358 533 1
359 361 1
359 571 -1
360 363 1
360 543 1
361 362 1
361 571 1
362 363 1
362 535 1
363 375 -1
363 376 1
363 535 -1
363 543 -1
363 565 -1
363 566 1
364 543 1
364 656 1
364 657 1
364 659 1
365 655 1
365 657 1
366 565 -1
366 566 1
367 566 1
367 667 1
368 369 1
368 657 -1
369 657 1
370 656 1
370 668 1
370 677 1
371 372 1
371 656 -1
372 656 1
373 543 1
375 376 1
375 379 -1
376 379 1
377 378 1
378 379 1
379 432 1
379 438 -1
379 439 1
379 565 -1
379 566 1
379 580 1
379 581 -1
379 604 -1
380 383 1
380 435 1
380 464 1
380 548 1
380 562 -1
380 583 -1
380 587 -1
381 382 1
381 384 1
381 583 -1
381 587 -1
382 587 1
383 587 1
384 583 1
384 664 1
385 386 1
385 658 -1
386 387 1
386 658 1
388 671 -1
389 411 -1
389 412 1
390 411 -1
390 412 1
391 411 -1
391 412 1
391 500 1
391 672 -1
392 411 -1
392 412 1
393 411 -1
393 412 1
394 411 -1
394 412 1
395 411 -1
395 412 1
396 411 -1
396 412 1
397 412 1
399 526 1
399 528 1
400 401 1
400 482 -1
400 529 1
401 482 1
401 673 1
402 671 -1
403 585 -1
404 405 1
404 406 1
404 584 -1
406 584 1
407 579 1
407 584 1
410 580 -1
410 581 1
411 412 1
411 532 1
411 563 1
411 652 1
413 414 -1
413 415 1
413 653 -1
414 415 1
415 416 1
416 417 1
416 418 -1
416 419 1
416 420 -1
416 488 1
418 419 1
419 421 1
419 653 -1
420 488 1
421 674 1
422 423 1
422 488 -1
423 488 1
423 676 1
424 425 -1
424 674 1
424 675 1
426 428 -1
426 430 -1
426 443 1
427 428 1
428 430 -1
428 443 1
429 576 1
429 577 1
430 440 -1
430 443 1
430 577 1
431 432 1
431 433 -1
431 434 1
431 443 -1
431 444 1
431 578 1
431 604 -1
432 604 1
432 616 1
433 434 1
435 464 -1
436 437 1
438 439 1
438 536 1
440 577 1
441 569 1
442 488 1
442 653 1
443 444 1
443 576 -1
444 576 1
445 664 1
445 669 1
446 664 1
447 562 1
448 562 1
448 658 1
449 658 1
449 668 1
450 451 1
450 678 -1
451 678 1
452 559 1
453 468 1
453 559 1
453 562 1
454 455 1
454 629 -1
455 456 -1
455 457 1
455 629 1
456 457 1
456 628 -1
457 460 -1
457 461 1
457 628 1
458 459 1
458 628 -1
459 461 -1
459 583 1
459 628 1
460 461 1
461 583 1
462 463 1
463 568 1
463 583 1
464 548 -1
464 562 1
464 583 1
464 669 1
465 466 1
465 468 1
465 618 -1
466 467 1
466 562 1
467 562 -1
468 559 -1
468 618 1
468 678 1
472 474 1
472 558 -1
473 474 1
473 570 1
474 558 1
474 570 -1
475 558 1
475 584 1
477 544 -1
478 481 1
479 484 -1
480 528 1
481 526 1
481 644 -1
482 526 1
482 528 1
482 529 1
483 484 1
483 511 1
483 634 -1
484 634 1
485 486 1
485 519 1
485 633 -1
485 634 1
486 520 1
486 633 1
487 662 1
488 653 -1
488 675 1
489 490 1
489 569 -1
489 619 -1
490 495 -1
490 496 1
490 569 1
490 619 1
491 497 1
491 663 -1
492 493 1
492 498 1
493 499 1
493 562 -1
494 495 1
494 503 1
494 504 1
494 584 -1
495 496 1
495 584 1
496 663 1
497 498 1
497 501 1
497 663 1
498 584 1
499 562 1
499 666 1
500 672 1
501 663 -1
502 503 1
502 666 1
503 504 -1
505 506 1
505 545 -1
506 545 1
506 553 1
509 510 1
509 513 1
509 515 -1
509 516 1
510 511 1
510 513 -1
510 514 1
510 515 1
510 518 1
511 513 1
512 513 1
512 515 -1
512 516 1
512 521 -1
513 514 1
513 515 1
513 521 1
514 515 -1
514 516 1
514 518 1
514 519 1
514 520 -1
515 516 1
515 521 -1
516 521 1
518 520 1
519 520 1
523 524 1
525 642 1
526 527 1
526 528 -1
527 528 1
531 532 1
532 632 1
532 644 1
532 652 1
534 538 -1
534 539 1
534 551 -1
534 552 1
534 567 -1
534 568 1
536 537 1
538 539 1
544 555 1
545 553 -1
546 547 -1
548 585 1
548 594 1
551 552 1
556 560 -1
556 561 1
556 586 1
557 582 1
558 584 -1
559 560 -1
559 561 1
559 562 -1
560 561 1
560 585 -1
560 586 1
560 589 -1
560 590 -1
560 591 -1
560 592 -1
560 593 -1
560 594 -1
560 596 -1
560 597 -1
560 598 -1
560 599 -1
560 611 -1
561 585 1
561 589 1
561 590 1
561 591 1
561 592 1
561 593 1
561 594 1
561 596 1
561 597 1
561 598 1
561 599 1
561 611 1
565 566 1
565 573 -1
566 573 1
566 605 1
567 568 1
567 583 -1
570 600 -1
570 627 -1
573 574 1
573 575 1
573 618 1
574 575 -1
576 577 -1
579 584 -1
580 581 1
580 616 1
580 618 1
581 616 -1
581 618 -1
582 608 1
582 609 1
584 600 -1
584 627 -1
585 586 1
586 589 1
586 590 1
586 591 1
586 592 1
586 593 1
586 594 1
586 596 1
586 597 1
586 598 1
586 599 1
586 611 1
588 612 1
594 595 -1
600 606 -1
600 627 1
601 603 1
602 617 1
604 616 -1
605 656 1
606 627 1
607 608 1
607 612 1
613 615 -1
614 615 -1
632 633 1
633 634 1
633 644 -1
635 638 1
635 642 1
637 639 1
637 640 -1
637 641 -1
637 642 -1
639 640 1
639 641 1
640 641 1
641 642 1
645 646 1
646 647 1
648 650 1
656 668 -1
656 677 -1
658 668 -1
664 669 -1
674 675 -1